148
223
253
278
355
370
391
406
479
492
499
537
541
545
551
600
603
606
658
661
665
669
672
689
715
757
760
763
765
768
773
790
809
813
816
844
848
870
874
907
908
909
911
914
919
961
963
966
970
974
979
984
990
994
998
1044
1045
1047
1048
1050
1052
1055
1059
1061
1064
1100
1102
1103
1104
1108
1109
1110
1112
1144
1146
1148
1150
1152
1153
1154
1155
1182
1183
1184
1185
1187
1188
1214
1216
1217
1218
1219
1220
1252
1254
1256
1258
1260
1262
1264
1266
1269
1331
1332
1333
1334
1335
1335
1336
1338
1339
1340
1342
1343
1345
1347
1349
1352
1354
1355
1358
1362
1428
1431
1434
1438
1441
1452
1456
1457
1458
1459
1460
1460
1461
1461
1462
1462
1463
1463
1464
1465
1465
1466
1467
1468
1471
1474
1476
1502
1503
1504
1505
1505
1506
1507
1508
1510
1513
1515
1518
1523
1526
1529
1532
1538
1543
1550
1552
1563
1565
1566
1567
1570
1573
1575
1576
1580
1586
1588
1595
1597
1599
1634
1635
1636
1636
1637
1637
1638
1638
1639
1639
1640
1641
1641
1642
1643
1644
1645
1647
1650
1654
1657
1659
1663
1692
1693
1694
1695
1696
1698
1699
1700
1701
1702
1704
1705
1707
1708
1710
1711
1712
1713
1715
1721
1722
1724
1725
1727
1731
1734
1738
1741
1743
1746
1748
1751
1755
1757
1758
1760
1762
1764
1765
1767
1769
1772
1774
1786
1795
1804
1808
1812
1815
1819
1821
1823
1824
1826
1827
1829
1830
1831
1833
1834
1835
1836
1837
1838
1839
1841
1842
1843
1845
1846
1847
1853
1855
1857
1858
1860
1862
1863
1898
1899
1900
1900
1901
1901
1902
1903
1903
1904
1904
1905
1906
1907
1908
1909
1910
1911
1912
1914
1916
1918
1920
1922
1924
1926
1928
1930
1931
1933
1935
1938
1966
1966
1967
1967
1968
1969
1969
1970
1971
1971
1972
1972
1973
1974
1975
1975
1976
1978
1980
1981
1983
1985
1986
1987
1988
2030
2031
2033
2034
2036
2038
2039
2041
2042
2043
2045
2047
2049
2052
2054
2061
2062
2062
2063
2064
2068
2069
2071
2072
2073
2075
2076
2077
2078
2078
2079
2080
2081
2081
2082
2083
2084
2084
2085
2086
2087
2088
2089
2091
2092
2093
2094
2094
2095
2096
2097
2098
2099
2100
2101
2103
2108
2109
2110
2111
2112
2114
2115
2116
2117
2118
2119
2120
2122
2124
2125
2126
2127
2127
2148
2148
2149
2151
2152
2153
2155
2156
2157
2158
2159
2160
2161
2162
2164
2166
2167
2169
2170
2172
2178
2179
2181
2184
2185
2186
2187
2189
2191
2193
2196
2198
2200
2201
2203
2204
2206
2207
2208
2213
2214
2215
2216
2220
2221
2222
2224
2227
2229
2229
2230
2231
2232
2234
2236
2238
2240
2244
2245
2246
2247
2249
2252
2253
2254
2256
2258
2261
2263
2265
2292
2293
2294
2294
2295
2295
2296
2296
2297
2298
2298
2299
2300
2300
2301
2302
2302
2303
2304
2304
2305
2306
2307
2308
2309
2310
2311
2312
2313
2314
2315
2316
2317
2319
2323
2351
2353
2355
2357
2359
2360
2361
2362
2364
2365
2366
2366
2367
2368
2369
2370
2371
2371
2372
2373
2374
2375
2377
2378
2379
2380
2381
2383
2385
2386
2388
2390
2391
2393
2394
2396
2399
2401
2402
2404
2405
2406
2407
2407
2409
2411
2413
2414
2415
2416
2419
2421
2422
2423
2424
2427
2429
2431
2435
2438
2444
2446
2455
2456
2457
2459
2460
2461
2462
2463
2464
2465
2467
2468
2469
2470
2470
2471
2472
2473
2473
2474
2474
2475
2475
2476
2477
2478
2479
2480
2481
2482
2483
2485
2487
2489
2490
2491
2493
2495
2497
2498
2500
2501
2503
2504
2507
2509
2511
2513
2514
2516
2518
2520
2521
2523
2524
2526
2528
2530
2532
2537
2537
2538
2539
2540
2541
2543
2545
2546
2548
2549
2550
2551
2552
2563
2565
2568
2570
2572
2574
2576
2578
2580
2582
2585
2587
2593
2596
2597
2599
2601
2604
2606
2608
2610
2612
2613
2614
2615
2616
2619
2621
2623
2624
2626
2627
2629
2630
2632
2634
2636
2637
2639
2641
2643
2645
2646
2648
2649
2650
2652
2653
2654
2655
2656
2657
2659
2660
2661
2662
2663
2664
2666
2668
2670
2671
2672
2674
2676
2678
2680
2682
2684
2686
2687
2692
2694
2696
2697
2699
2701
2704
2705
2706
2707
2709
2712
2713
2715
2716
2717
2718
2720
2722
2729
2731
2733
2734
2735
2736
2737
2739
2740
2741
2742
2743
2744
2744
2745
2746
2747
2748
2751
2753
2754
2755
2756
2756
2757
2758
2758
2759
2759
2775
2785
2787
2788
2789
2790
2791
2792
2794
2795
2796
2797
2798
2799
2800
2802
2803
2804
2810
2811
2812
2812
2813
2814
2815
2817
2824
2825
2826
2827
2828
2831
2833
2836
2838
2839
2841
2843
2845
2848
2850
2853
2854
2856
2858
2860
2861
2863
2864
2867
2869
2871
2876
2879
2881
2882
2884
2885
2887
2893
2897
2898
2899
2901
2904
2909
2911
2915
2918
2920
2922
2923
2925
2926
2928
2933
2934
2936
2938
2939
2941
2942
2952
2952
2952
2953
2953
2954
2955
2956
2957
2964
2965
2966
2967
2969
2972
2975
2977
2978
2979
2981
2984
2985
2987
3000
3001
3003
3006
3008
3011
3013
3014
3015
3016
3018
3019
3024
3026
3028
3033
3035
3041
3042
3044
3047
3050
3053
3058
3060
3061
3063
3064
3064
3065
3065
3065
3065
3065
3066
3066
3066
3066
3067
3067
3067
3067
3067
3068
3068
3139
3139
3140
3140
3140
3142
3144
3144
3144
3144
3145
3145
3145
3145
3145
3146
3146
3146
3146
3146
3146
3147
3147
3147
3147
3147
3147
3148
3148
3148
3228
3232
3233
3234
3235
3236
3237
3237
3238
3238
3239
3240
3280
3321
3323
3339
3346
3348
3349
3350
3351
3352
3353
3354
3354
3355
3356
3365
3366
3368
3397
3398
3399
3414
3415
3416
3423
3423
3424
3429
3430
3432
3461
3463
3477
3480
3531
3531
3532
3533
3534
3535
3535
3609
3611
3614
3623
3630
3636
3640
3924
3925
3926
3927
4092
4092
4092
4092
4092
4092
148
223
253
278
355
370
391
406
479
492
499
537
541
545
551
600
603
606
658
661
665
669
672
689
715
757
760
763
765
768
773
790
809
813
816
844
848
870
874
907
908
909
911
914
919
961
963
966
970
974
979
984
990
994
998
1044
1045
1047
1048
1050
1052
1055
1059
1061
1064
1100
1102
1103
1104
1108
1109
1110
1112
1144
1146
1148
1150
1152
1153
1154
1155
1182
1183
1184
1185
1187
1188
1214
1216
1217
1218
1219
1220
1252
1254
1256
1258
1260
1262
1264
1266
1269
1331
1332
1333
1334
1335
1335
1336
1338
1339
1340
1342
1343
1345
1347
1349
1352
1354
1355
1358
1362
1428
1431
1434
1438
1441
1452
1456
1457
1458
1459
1460
1460
1461
1461
1462
1462
1463
1463
1464
1465
1465
1466
1467
1468
1471
1474
1476
1502
1503
1504
1505
1505
1506
1507
1508
1510
1513
1515
1518
1523
1526
1529
1532
1538
1543
1550
1552
1563
1565
1566
1567
1570
1573
1575
1576
1580
1586
1588
1595
1597
1599
1634
1635
1636
1636
1637
1637
1638
1638
1639
1639
1640
1641
1641
1642
1643
1644
1645
1647
1650
1654
1657
1659
1663
1692
1693
1694
1695
1696
1698
1699
1700
1701
1702
1704
1705
1707
1708
1710
1711
1712
1713
1715
1721
1722
1724
1725
1727
1731
1734
1738
1741
1743
1746
1748
1751
1755
1757
1758
1760
1762
1764
1765
1767
1769
1772
1774
1786
1795
1804
1808
1812
1815
1819
1821
1823
1824
1826
1827
1829
1830
1831
1833
1834
1835
1836
1837
1838
1839
1841
1842
1843
1845
1846
1847
1853
1855
1857
1858
1860
1862
1863
1898
1899
1900
1900
1901
1901
1902
1903
1903
1904
1904
1905
1906
1907
1908
1909
1910
1911
1912
1914
1916
1918
1920
1922
1924
1926
1928
1930
1931
1933
1935
1938
1966
1966
1967
1967
1968
1969
1969
1970
1971
1971
1972
1972
1973
1974
1975
1975
1976
1978
1980
1981
1983
1985
1986
1987
1988
2030
2031
2033
2034
2036
2038
2039
2041
2042
2043
2045
2047
2049
2052
2054
2061
2062
2062
2063
2064
2068
2069
2071
2072
2073
2075
2076
2077
2078
2078
2079
2080
2081
2081
2082
2083
2084
2084
2085
2086
2087
2088
2089
2091
2092
2093
2094
2094
2095
2096
2097
2098
2099
2100
2101
2103
2108
2109
2110
2111
2112
2114
2115
2116
2117
2118
2119
2120
2122
2124
2125
2126
2127
2127
2148
2148
2149
2151
2152
2153
2155
2156
2157
2158
2159
2160
2161
2162
2164
2166
2167
2169
2170
2172
2178
2179
2181
2184
2185
2186
2187
2189
2191
2193
2196
2198
2200
2201
2203
2204
2206
2207
2208
2213
2214
2215
2216
2220
2221
2222
2224
2227
2229
2229
2230
2231
2232
2234
2236
2238
2240
2244
2245
2246
2247
2249
2252
2253
2254
2256
2258
2261
2263
2265
2292
2293
2294
2294
2295
2295
2296
2296
2297
2298
2298
2299
2300
2300
2301
2302
2302
2303
2304
2304
2305
2306
2307
2308
2309
2310
2311
2312
2313
2314
2315
2316
2317
2319
2323
2351
2353
2355
2357
2359
2360
2361
2362
2364
2365
2366
2366
2367
2368
2369
2370
2371
2371
2372
2373
2374
2375
2377
2378
2379
2380
2381
2383
2385
2386
2388
2390
2391
2393
2394
2396
2399
2401
2402
2404
2405
2406
2407
2407
2409
2411
2413
2414
2415
2416
2419
2421
2422
2423
2424
2427
2429
2431
2435
2438
2444
2446
2455
2456
2457
2459
2460
2461
2462
2463
2464
2465
2467
2468
2469
2470
2470
2471
2472
2473
2473
2474
2474
2475
2475
2476
2477
2478
2479
2480
2481
2482
2483
2485
2487
2489
2490
2491
2493
2495
2497
2498
2500
2501
2503
2504
2507
2509
2511
2513
2514
2516
2518
2520
2521
2523
2524
2526
2528
2530
2532
2537
2537
2538
2539
2540
2541
2543
2545
2546
2548
2549
2550
2551
2552
2563
2565
2568
2570
2572
2574
2576
2578
2580
2582
2585
2587
2593
2596
2597
2599
2601
2604
2606
2608
2610
2612
2613
2614
2615
2616
2619
2621
2623
2624
2626
2627
2629
2630
2632
2634
2636
2637
2639
2641
2643
2645
2646
2648
2649
2650
2652
2653
2654
2655
2656
2657
2659
2660
2661
2662
2663
2664
2666
2668
2670
2671
2672
2674
2676
2678
2680
2682
2684
2686
2687
2692
2694
2696
2697
2699
2701
2704
2705
2706
2707
2709
2712
2713
2715
2716
2717
2718
2720
2722
2729
2731
2733
2734
2735
2736
2737
2739
2740
2741
2742
2743
2744
2744
2745
2746
2747
2748
2751
2753
2754
2755
2756
2756
2757
2758
2758
2759
2759
2775
2785
2787
2788
2789
2790
2791
2792
2794
2795
2796
2797
2798
2799
2800
2802
2803
2804
2810
2811
2812
2812
2813
2814
2815
2817
2824
2825
2826
2827
2828
2831
2833
2836
2838
2839
2841
2843
2845
2848
2850
2853
2854
2856
2858
2860
2861
2863
2864
2867
2869
2871
2876
2879
2881
2882
2884
2885
2887
2893
2897
2898
2899
2901
2904
2909
2911
2915
2918
2920
2922
2923
2925
2926
2928
2933
2934
2936
2938
2939
2941
2942
2952
2952
2952
2953
2953
2954
2955
2956
2957
2964
2965
2966
2967
2969
2972
2975
2977
2978
2979
2981
2984
2985
2987
3000
3001
3003
3006
3008
3011
3013
3014
3015
3016
3018
3019
3024
3026
3028
3033
3035
3041
3042
3044
3047
3050
3053
3058
3060
3061
3063
3064
3064
3065
3065
3065
3065
3065
3066
3066
3066
3066
3067
3067
3067
3067
3067
3068
3068
3139
3139
3140
3140
3140
3142
3144
3144
3144
3144
3145
3145
3145
3145
3145
3146
3146
3146
3146
3146
3146
3147
3147
3147
3147
3147
3147
3148
3148
3148
3228
3232
3233
3234
3235
3236
3237
3237
3238
3238
3239
3240
3280
3321
3323
3339
3346
3348
3349
3350
3351
3352
3353
3354
3354
3355
3356
3365
3366
3368
3397
3398
3399
3414
3415
3416
3423
3423
3424
3429
3430
3432
3461
3463
3477
3480
3531
3531
3532
3533
3534
3535
3535
3609
3611
3614
3623
3630
3636
3640
3924
3925
3926
3927
4092
4092
4092
4092
4092
4092
148
223
253
278
355
370
391
406
479
492
499
537
541
545
551
600
603
606
658
661
665
669
672
689
715
757
760
763
765
768
773
790
809
813
816
844
848
870
874
907
908
909
911
914
919
961
963
966
970
974
979
984
990
994
998
1044
1045
1047
1048
1050
1052
1055
1059
1061
1064
1100
1102
1103
1104
1108
1109
1110
1112
1144
1146
1148
1150
1152
1153
1154
1155
1182
1183
1184
1185
1187
1188
1214
1216
1217
1218
1219
1220
1252
1254
1256
1258
1260
1262
1264
1266
1269
1331
1332
1333
1334
1335
1335
1336
1338
1339
1340
1342
1343
1345
1347
1349
1352
1354
1355
1358
1362
1428
1431
1434
1438
1441
1452
1456
1457
1458
1459
1460
1460
1461
1461
1462
1462
1463
1463
1464
1465
1465
1466
1467
1468
1471
1474
1476
1502
1503
1504
1505
1505
1506
1507
1508
1510
1513
1515
1518
1523
1526
1529
1532
1538
1543
1550
1552
1563
1565
1566
1567
1570
1573
1575
1576
1580
1586
1588
1595
1597
1599
1634
1635
1636
1636
1637
1637
1638
1638
1639
1639
1640
1641
1641
1642
1643
1644
1645
1647
1650
1654
1657
1659
1663
1692
1693
1694
1695
1696
1698
1699
1700
1701
1702
1704
1705
1707
1708
1710
1711
1712
1713
1715
1721
1722
1724
1725
1727
1731
1734
1738
1741
1743
1746
1748
1751
1755
1757
1758
1760
1762
1764
1765
1767
1769
1772
1774
1786
1795
1804
1808
1812
1815
1819
1821
1823
1824
1826
1827
1829
1830
1831
1833
1834
1835
1836
1837
1838
1839
1841
1842
1843
1845
1846
1847
1853
1855
1857
1858
1860
1862
1863
1898
1899
1900
1900
1901
1901
1902
1903
1903
1904
1904
1905
1906
1907
1908
1909
1910
1911
1912
1914
1916
1918
1920
1922
1924
1926
1928
1930
1931
1933
1935
1938
1966
1966
1967
1967
1968
1969
1969
1970
1971
1971
1972
1972
1973
1974
1975
1975
1976
1978
1980
1981
1983
1985
1986
1987
1988
2030
2031
2033
2034
2036
2038
2039
2041
2042
2043
2045
2047
2049
2052
2054
2061
2062
2062
2063
2064
2068
2069
2071
2072
2073
2075
2076
2077
2078
2078
2079
2080
2081
2081
2082
2083
2084
2084
2085
2086
2087
2088
2089
2091
2092
2093
2094
2094
2095
2096
2097
2098
2099
2100
2101
2103
2108
2109
2110
2111
2112
2114
2115
2116
2117
2118
2119
2120
2122
2124
2125
2126
2127
2127
2148
2148
2149
2151
2152
2153
2155
2156
2157
2158
2159
2160
2161
2162
2164
2166
2167
2169
2170
2172
2178
2179
2181
2184
2185
2186
2187
2189
2191
2193
2196
2198
2200
2201
2203
2204
2206
2207
2208
2213
2214
2215
2216
2220
2221
2222
2224
2227
2229
2229
2230
2231
2232
2234
2236
2238
2240
2244
2245
2246
2247
2249
2252
2253
2254
2256
2258
2261
2263
2265
2292
2293
2294
2294
2295
2295
2296
2296
2297
2298
2298
2299
2300
2300
2301
2302
2302
2303
2304
2304
2305
2306
2307
2308
2309
2310
2311
2312
2313
2314
2315
2316
2317
2319
2323
2351
2353
2355
2357
2359
2360
2361
2362
2364
2365
2366
2366
2367
2368
2369
2370
2371
2371
2372
2373
2374
2375
2377
2378
2379
2380
2381
2383
2385
2386
2388
2390
2391
2393
2394
2396
2399
2401
2402
2404
2405
2406
2407
2407
2409
2411
2413
2414
2415
2416
2419
2421
2422
2423
2424
2427
2429
2431
2435
2438
2444
2446
2455
2456
2457
2459
2460
2461
2462
2463
2464
2465
2467
2468
2469
2470
2470
2471
2472
2473
2473
2474
2474
2475
2475
2476
2477
2478
2479
2480
2481
2482
2483
2485
2487
2489
2490
2491
2493
2495
2497
2498
2500
2501
2503
2504
2507
2509
2511
2513
2514
2516
2518
2520
2521
2523
2524
2526
2528
2530
2532
2537
2537
2538
2539
2540
2541
2543
2545
2546
2548
2549
2550
2551
2552
2563
2565
2568
2570
2572
2574
2576
2578
2580
2582
2585
2587
2593
2596
2597
2599
2601
2604
2606
2608
2610
2612
2613
2614
2615
2616
2619
2621
2623
2624
2626
2627
2629
2630
2632
2634
2636
2637
2639
2641
2643
2645
2646
2648
2649
2650
2652
2653
2654
2655
2656
2657
2659
2660
2661
2662
2663
2664
2666
2668
2670
2671
2672
2674
2676
2678
2680
2682
2684
2686
2687
2692
2694
2696
2697
2699
2701
2704
2705
2706
2707
2709
2712
2713
2715
2716
2717
2718
2720
2722
2729
2731
2733
2734
2735
2736
2737
2739
2740
2741
2742
2743
2744
2744
2745
2746
2747
2748
2751
2753
2754
2755
2756
2756
2757
2758
2758
2759
2759
2775
2785
2787
2788
2789
2790
2791
2792
2794
2795
2796
2797
2798
2799
2800
2802
2803
2804
2810
2811
2812
2812
2813
2814
2815
2817
2824
2825
2826
2827
2828
2831
2833
2836
2838
2839
2841
2843
2845
2848
2850
2853
2854
2856
2858
2860
2861
2863
2864
2867
2869
2871
2876
2879
2881
2882
2884
2885
2887
2893
2897
2898
2899
2901
2904
2909
2911
2915
2918
2920
2922
2923
2925
2926
2928
2933
2934
2936
2938
2939
2941
2942
2952
2952
2952
2953
2953
2954
2955
2956
2957
2964
2965
2966
2967
2969
2972
2975
2977
2978
2979
2981
2984
2985
2987
3000
3001
3003
3006
3008
3011
3013
3014
3015
3016
3018
3019
3024
3026
3028
3033
3035
3041
3042
3044
3047
3050
3053
3058
3060
3061
3063
3064
3064
3065
3065
3065
3065
3065
3066
3066
3066
3066
3067
3067
3067
3067
3067
3068
3068
3139
3139
3140
3140
3140
3142
3144
3144
3144
3144
3145
3145
3145
3145
3145
3146
3146
3146
3146
3146
3146
3147
3147
3147
3147
3147
3147
3148
3148
3148
3228
3232
3233
3234
3235
3236
3237
3237
3238
3238
3239
3240
3280
3321
3323
3339
3346
3348
3349
3350
3351
3352
3353
3354
3354
3355
3356
3365
3366
3368
3397
3398
3399
3414
3415
3416
3423
3423
3424
3429
3430
3432
3461
3463
3477
3480
3531
3531
3532
3533
3534
3535
3535
3609
3611
3614
3623
3630
3636
3640
3924
3925
3926
3927
4092
4092
4092
4092
4092
4092
