2.0856e-07
2.0856e-07
2.08879e-07
2.09198e-07
2.1079e-07
2.08242e-07
2.07923e-07
2.10153e-07
2.11109e-07
2.1302e-07
2.12383e-07
2.16524e-07
2.13657e-07
2.16206e-07
2.13657e-07
2.13975e-07
2.12383e-07
2.14294e-07
2.16205e-07
2.16206e-07
2.16206e-07
2.17161e-07
2.17798e-07
2.18435e-07
2.21939e-07
2.21302e-07
2.22258e-07
2.21302e-07
2.14931e-07
2.22895e-07
2.21302e-07
2.22895e-07
2.24487e-07
2.23851e-07
2.22258e-07
2.27036e-07
2.25125e-07
2.24488e-07
2.27036e-07
2.2608e-07
2.27673e-07
2.2831e-07
2.30221e-07
2.26399e-07
2.29584e-07
2.30858e-07
2.28628e-07
2.29903e-07
2.34999e-07
2.34681e-07
2.35318e-07
2.34362e-07
2.34043e-07
2.36592e-07
2.35318e-07
2.36273e-07
2.36911e-07
2.3914e-07
2.38822e-07
2.37866e-07
2.37547e-07
2.37548e-07
2.37548e-07
2.40733e-07
2.40415e-07
2.436e-07
2.43919e-07
2.4583e-07
2.44874e-07
2.46148e-07
2.46785e-07
2.46785e-07
2.49652e-07
2.48378e-07
2.49652e-07
2.51245e-07
2.53156e-07
2.522e-07
2.51882e-07
2.56342e-07
2.56023e-07
2.54112e-07
2.5666e-07
2.57935e-07
2.60164e-07
2.6112e-07
2.6335e-07
2.63031e-07
2.60801e-07
2.66216e-07
2.65261e-07
2.66853e-07
2.67172e-07
2.70357e-07
2.69083e-07
2.68446e-07
2.72268e-07
2.70676e-07
2.7864e-07
2.74817e-07
2.78002e-07
2.71632e-07
2.74817e-07
2.7641e-07
2.78002e-07
2.78321e-07
2.78639e-07
2.77047e-07
2.78639e-07
2.79914e-07
2.80232e-07
2.80869e-07
2.84373e-07
2.8724e-07
2.85966e-07
2.94567e-07
2.96797e-07
2.99026e-07
3.01256e-07
3.00619e-07
3.08582e-07
2.96796e-07
3.02212e-07
3.01256e-07
3.03167e-07
3.0253e-07
3.05715e-07
3.04442e-07
3.05397e-07
3.07627e-07
3.06353e-07
3.07627e-07
3.09857e-07
3.12723e-07
3.13998e-07
3.15909e-07
3.2005e-07
3.19413e-07
3.18457e-07
3.19413e-07
3.21324e-07
3.3311e-07
3.43304e-07
3.398e-07
3.42029e-07
3.45215e-07
3.484e-07
3.49037e-07
3.48719e-07
3.42985e-07
3.48719e-07
3.49993e-07
3.50311e-07
3.55408e-07
3.53497e-07
3.62416e-07
3.56364e-07
3.58275e-07
3.60505e-07
3.62416e-07
3.64009e-07
3.65602e-07
3.66876e-07
3.71016e-07
3.73565e-07
3.75158e-07
3.77706e-07
3.78025e-07
3.81528e-07
3.87581e-07
3.86944e-07
3.90766e-07
3.95226e-07
3.93952e-07
3.98411e-07
4.0096e-07
4.0096e-07
4.06375e-07
4.08286e-07
4.1402e-07
4.14976e-07
4.17842e-07
4.19117e-07
4.22302e-07
4.26124e-07
4.29628e-07
4.31858e-07
4.36318e-07
4.39503e-07
4.42052e-07
4.43645e-07
4.47786e-07
4.53837e-07
4.57979e-07
4.63394e-07
4.6435e-07
4.70084e-07
4.76773e-07
4.7741e-07
4.8378e-07
4.89196e-07
4.927e-07
4.98752e-07
4.98115e-07
5.02256e-07
5.0799e-07
5.12449e-07
5.17546e-07
5.21687e-07
5.23598e-07
5.28695e-07
5.3188e-07
5.35703e-07
5.41118e-07
5.43029e-07
5.47489e-07
5.51312e-07
5.57364e-07
5.6246e-07
5.66283e-07
5.7138e-07
5.76795e-07
5.79661e-07
5.84121e-07
5.89218e-07
5.95589e-07
6.00367e-07
6.05782e-07
6.10242e-07
6.15338e-07
6.17887e-07
6.21391e-07
6.22665e-07
6.31584e-07
6.36681e-07
6.42096e-07
6.43051e-07
6.49104e-07
6.51652e-07
6.57704e-07
6.61527e-07
6.69809e-07
6.70446e-07
6.7395e-07
6.79684e-07
6.85736e-07
6.87647e-07
6.93381e-07
6.96885e-07
7.03574e-07
7.10901e-07
7.14724e-07
7.20139e-07
7.25872e-07
7.3065e-07
7.39888e-07
7.44666e-07
7.46577e-07
7.54541e-07
7.47533e-07
7.57089e-07
7.63779e-07
7.70468e-07
7.76839e-07
7.79069e-07
7.88625e-07
7.985e-07
8.09967e-07
8.17613e-07
8.19842e-07
8.31628e-07
8.34814e-07
8.47874e-07
8.552e-07
8.62208e-07
8.7272e-07
8.73357e-07
8.84825e-07
8.91196e-07
8.95974e-07
9.08397e-07
9.11264e-07
9.18272e-07
9.26554e-07
9.32606e-07
9.37066e-07
9.47259e-07
9.56178e-07
9.62868e-07
9.61594e-07
9.71786e-07
9.78157e-07
9.88033e-07
9.82299e-07
9.94084e-07
9.94722e-07
1.00683e-06
1.0132e-06
1.01957e-06
1.0304e-06
1.0339e-06
1.03772e-06
1.04983e-06
1.06289e-06
1.06448e-06
1.08041e-06
1.08997e-06
1.09506e-06
1.10175e-06
1.10876e-06
1.11959e-06
1.11927e-06
1.12755e-06
1.13934e-06
1.14921e-06
1.161e-06
1.16355e-06
1.17151e-06
1.1833e-06
1.18967e-06
1.20241e-06
1.2693e-06
1.27822e-06
1.28459e-06
1.29288e-06
1.30371e-06
1.31486e-06
1.32282e-06
1.33429e-06
1.34161e-06
1.34703e-06
1.36041e-06
1.36773e-06
1.37188e-06
1.37761e-06
1.38557e-06
1.39831e-06
1.40309e-06
1.41615e-06
1.42539e-06
1.43558e-06
1.4461e-06
1.45056e-06
1.46202e-06
1.46776e-06
1.46967e-06
1.47699e-06
1.4805e-06
1.48464e-06
1.49388e-06
1.50152e-06
1.51203e-06
1.52478e-06
1.53784e-06
1.54739e-06
1.55599e-06
1.56555e-06
1.57542e-06
1.58371e-06
1.58944e-06
1.59645e-06
1.60473e-06
1.60696e-06
1.62193e-06
1.62703e-06
1.63149e-06
1.63658e-06
1.64327e-06
1.64423e-06
1.64805e-06
1.64391e-06
1.66239e-06
1.75508e-06
1.75731e-06
1.76878e-06
1.76687e-06
1.76432e-06
1.76942e-06
1.77515e-06
1.78407e-06
1.79044e-06
1.8e-06
1.80669e-06
1.81274e-06
1.82484e-06
1.83472e-06
1.84618e-06
1.85447e-06
1.86434e-06
1.88218e-06
1.88791e-06
1.89524e-06
1.9032e-06
1.91372e-06
1.92232e-06
1.93665e-06
1.94653e-06
1.95481e-06
1.95959e-06
1.9685e-06
1.98762e-06
1.99431e-06
1.99877e-06
2.00641e-06
2.03126e-06
2.0096e-06
2.02011e-06
2.03062e-06
2.03476e-06
2.07299e-06
2.04782e-06
2.05961e-06
2.06439e-06
2.07713e-06
2.0835e-06
2.08891e-06
2.09943e-06
2.11599e-06
2.13192e-06
2.13224e-06
2.14561e-06
2.14721e-06
2.15804e-06
2.16982e-06
2.17811e-06
2.20869e-06
2.22175e-06
2.22939e-06
2.23449e-06
2.24564e-06
2.24755e-06
2.25137e-06
2.24691e-06
2.26316e-06
2.27303e-06
2.28099e-06
2.27813e-06
2.28004e-06
2.3189e-06
2.33387e-06
2.34502e-06
2.36031e-06
2.36636e-06
2.38516e-06
2.44918e-06
2.46256e-06
2.48008e-06
2.50206e-06
2.50302e-06
2.5164e-06
2.52372e-06
2.5336e-06
2.54761e-06
2.55972e-06
2.55175e-06
2.4753e-06
2.44536e-06
2.56481e-06
2.51226e-06
2.51894e-06
2.54889e-06
2.56513e-06
2.5766e-06
2.58074e-06
2.58998e-06
2.60431e-06
2.61196e-06
2.62311e-06
2.64222e-06
2.64764e-06
2.65687e-06
2.67248e-06
2.69382e-06
2.60463e-06
2.71867e-06
2.726e-06
2.73555e-06
2.75307e-06
2.769e-06
2.76836e-06
2.77378e-06
2.78397e-06
2.79385e-06
2.80277e-06
2.81041e-06
2.81997e-06
2.8257e-06
2.82984e-06
2.83876e-06
2.84004e-06
2.85055e-06
2.86902e-06
2.87157e-06
2.83048e-06
2.7913e-06
2.78015e-06
2.79512e-06
2.7964e-06
2.7999e-06
2.79767e-06
2.8085e-06
2.82793e-06
2.83366e-06
2.84386e-06
2.83717e-06
2.84258e-06
2.8652e-06
2.89578e-06
2.88909e-06
2.89546e-06
2.90661e-06
2.91617e-06
2.92732e-06
2.94261e-06
2.95025e-06
2.94292e-06
3.02415e-06
3.04549e-06
3.04804e-06
3.04199e-06
3.03689e-06
3.04772e-06
3.06684e-06
3.06301e-06
3.06939e-06
3.07321e-06
3.07958e-06
3.09264e-06
3.10761e-06
3.12481e-06
3.14838e-06
3.1487e-06
3.14934e-06
3.16941e-06
3.17419e-06
3.1761e-06
3.18024e-06
3.21177e-06
3.14966e-06
3.08245e-06
3.09328e-06
3.28568e-06
3.10729e-06
3.10443e-06
3.11717e-06
3.13055e-06
3.15444e-06
3.16527e-06
3.19266e-06
3.19457e-06
3.15858e-06
3.20254e-06
3.20763e-06
3.22133e-06
3.2242e-06
3.22133e-06
3.23248e-06
3.23726e-06
3.25095e-06
3.23375e-06
3.24968e-06
3.22961e-06
3.22452e-06
3.21878e-06
3.22165e-06
3.23598e-06
3.23152e-06
3.22961e-06
3.2312e-06
3.20731e-06
3.24299e-06
3.24713e-06
3.25637e-06
3.28536e-06
3.30097e-06
3.39271e-06
3.36531e-06
3.36085e-06
3.36754e-06
3.36945e-06
3.3669e-06
3.372e-06
3.36913e-06
3.37296e-06
3.3857e-06
3.38602e-06
3.38665e-06
3.39239e-06
3.39748e-06
3.40863e-06
3.41118e-06
3.41246e-06
3.42106e-06
3.42679e-06
3.43093e-06
3.42551e-06
3.43189e-06
3.43603e-06
3.43985e-06
3.43794e-06
3.4373e-06
3.44526e-06
3.44972e-06
3.46597e-06
3.46215e-06
3.46406e-06
3.46947e-06
3.47298e-06
3.47425e-06
3.48253e-06
3.48859e-06
3.49113e-06
3.48476e-06
3.49559e-06
3.50069e-06
3.50547e-06
3.50197e-06
3.50228e-06
3.51566e-06
3.52203e-06
3.52108e-06
3.52554e-06
3.53446e-06
3.52809e-06
3.52904e-06
3.53987e-06
3.54274e-06
3.55293e-06
3.54943e-06
3.54784e-06
3.5695e-06
3.57045e-06
3.5695e-06
3.57459e-06
3.57619e-06
3.57459e-06
3.57555e-06
3.5867e-06
3.58096e-06
3.59371e-06
3.5988e-06
3.60008e-06
3.60931e-06
3.61537e-06
3.61887e-06
3.62206e-06
3.62524e-06
3.62429e-06
3.63766e-06
3.6469e-06
3.652e-06
3.64053e-06
3.65264e-06
3.65359e-06
3.65295e-06
3.64849e-06
3.64531e-06
3.64626e-06
3.65009e-06
3.64658e-06
3.65709e-06
3.66793e-06
3.66251e-06
3.65933e-06
3.67493e-06
3.66697e-06
3.66251e-06
3.67111e-06
3.66601e-06
3.67684e-06
3.69532e-06
3.70201e-06
3.65487e-06
3.64244e-06
3.64244e-06
3.66156e-06
3.65709e-06
3.65264e-06
3.65455e-06
3.6727e-06
3.75361e-06
3.73578e-06
3.65933e-06
3.68863e-06
3.72367e-06
3.71443e-06
3.71507e-06
3.7173e-06
3.73928e-06
3.72813e-06
3.731e-06
3.7826e-06
3.7294e-06
3.73578e-06
3.73864e-06
3.73673e-06
3.74406e-06
3.74692e-06
3.75744e-06
3.76253e-06
3.76381e-06
3.76795e-06
3.77368e-06
3.76795e-06
3.78674e-06
3.78833e-06
3.79375e-06
3.7963e-06
3.80299e-06
3.81031e-06
3.81223e-06
3.81605e-06
3.81095e-06
3.817e-06
3.85395e-06
3.85682e-06
3.85045e-06
3.86415e-06
3.85045e-06
3.85841e-06
3.85905e-06
3.86287e-06
3.86351e-06
3.87179e-06
3.86606e-06
3.86383e-06
3.87275e-06
3.87657e-06
3.8737e-06
3.88071e-06
3.8839e-06
3.88199e-06
3.89091e-06
3.88772e-06
3.78547e-06
3.74055e-06
3.76253e-06
3.76922e-06
3.80076e-06
3.81764e-06
3.78642e-06
3.80267e-06
3.78228e-06
3.78642e-06
3.80617e-06
3.81063e-06
3.80872e-06
3.81732e-06
3.82114e-06
3.82529e-06
3.81796e-06
3.83229e-06
3.83166e-06
3.83166e-06
3.80968e-06
3.82529e-06
3.83325e-06
3.83994e-06
3.8393e-06
3.82783e-06
3.83038e-06
3.83325e-06
3.83803e-06
3.83835e-06
3.83197e-06
3.8342e-06
3.8342e-06
3.83389e-06
3.83643e-06
3.83835e-06
3.8428e-06
3.83166e-06
3.84089e-06
3.84281e-06
3.84026e-06
3.83707e-06
3.84249e-06
3.8428e-06
3.84185e-06
3.8479e-06
3.8393e-06
3.83739e-06
3.83389e-06
3.83803e-06
3.83006e-06
3.84567e-06
3.83643e-06
3.83962e-06
3.84535e-06
3.85204e-06
3.85841e-06
3.85969e-06
3.86606e-06
3.86765e-06
3.88103e-06
3.88135e-06
3.86797e-06
3.88358e-06
3.90842e-06
3.91384e-06
3.90874e-06
3.92817e-06
3.91575e-06
3.91543e-06
3.92212e-06
3.91894e-06
3.7861e-06
3.82783e-06
3.81923e-06
3.85682e-06
3.82369e-06
3.81063e-06
3.86701e-06
3.84981e-06
3.83548e-06
3.8565e-06
3.85013e-06
3.84663e-06
3.85045e-06
3.84949e-06
3.8393e-06
3.84281e-06
3.84631e-06
3.84185e-06
3.84567e-06
3.85427e-06
3.86415e-06
3.87689e-06
3.86351e-06
3.88868e-06
3.89154e-06
3.89568e-06
3.90046e-06
3.896e-06
3.90205e-06
3.90237e-06
3.91511e-06
3.92467e-06
3.93168e-06
3.77687e-06
3.79916e-06
3.78419e-06
3.84758e-06
3.82337e-06
3.80139e-06
3.83612e-06
3.83739e-06
3.83006e-06
3.83866e-06
3.84089e-06
3.84344e-06
3.84504e-06
3.83898e-06
3.83962e-06
3.84058e-06
3.83452e-06
3.83803e-06
3.83962e-06
3.84058e-06
3.84026e-06
3.84312e-06
3.84503e-06
3.85268e-06
3.85427e-06
3.86128e-06
3.86924e-06
3.8479e-06
3.87211e-06
3.88453e-06
3.88868e-06
3.89536e-06
3.94251e-06
3.81159e-06
3.89441e-06
3.93136e-06
3.90269e-06
3.88899e-06
3.90237e-06
3.90078e-06
3.89441e-06
3.94474e-06
3.90237e-06
3.96035e-06
3.89759e-06
3.95175e-06
3.91639e-06
3.90842e-06
3.90619e-06
3.90938e-06
3.90237e-06
3.90715e-06
3.90874e-06
3.90588e-06
3.90588e-06
3.90938e-06
3.90747e-06
3.91034e-06
3.90874e-06
3.91097e-06
3.91575e-06
3.78483e-06
3.77591e-06
3.76635e-06
3.77878e-06
3.77655e-06
3.77846e-06
3.78196e-06
3.7912e-06
3.74278e-06
3.85236e-06
3.88422e-06
3.89823e-06
3.83962e-06
3.88772e-06
3.77719e-06
3.7568e-06
3.81573e-06
3.8256e-06
3.82274e-06
3.84026e-06
3.80554e-06
3.80299e-06
3.8221e-06
3.82624e-06
3.817e-06
3.82815e-06
3.83803e-06
3.80522e-06
3.80808e-06
3.83325e-06
3.99379e-06
3.97532e-06
3.98201e-06
3.96735e-06
3.97723e-06
3.94569e-06
3.94251e-06
3.82943e-06
3.61218e-06
4.35438e-06
3.9148e-06
3.71348e-06
4.3152e-06
3.91129e-06
3.73896e-06
3.88613e-06
3.87912e-06
3.88453e-06
3.79056e-06
3.86829e-06
3.86701e-06
3.84185e-06
3.83898e-06
3.83357e-06
3.81223e-06
3.80585e-06
3.89728e-06
3.84631e-06
3.79471e-06
3.80458e-06
3.78324e-06
3.82656e-06
3.81e-06
3.79598e-06
3.85587e-06
3.79693e-06
3.85682e-06
3.70774e-06
3.7294e-06
3.72813e-06
3.72271e-06
3.71889e-06
3.71666e-06
3.72494e-06
3.71634e-06
3.71443e-06
3.70934e-06
3.7208e-06
3.72017e-06
3.71762e-06
3.71507e-06
3.7224e-06
3.72208e-06
3.71762e-06
3.72017e-06
3.71443e-06
3.7087e-06
3.69882e-06
3.69851e-06
3.69628e-06
3.69755e-06
3.69405e-06
3.68927e-06
3.69341e-06
3.68353e-06
3.68799e-06
3.68799e-06
3.695e-06
3.6915e-06
3.69691e-06
3.69436e-06
3.68799e-06
3.69659e-06
3.69596e-06
3.69341e-06
3.69596e-06
3.69022e-06
3.68736e-06
3.69787e-06
3.69468e-06
3.70233e-06
3.71443e-06
3.72049e-06
3.73546e-06
3.79885e-06
3.77432e-06
3.77559e-06
3.774e-06
3.77368e-06
3.7603e-06
3.77336e-06
3.77559e-06
3.7705e-06
3.76667e-06
