2.49652e-07
2.436e-07
2.52838e-07
2.5666e-07
2.64305e-07
2.77684e-07
2.82143e-07
2.91381e-07
2.94248e-07
3.18457e-07
3.26739e-07
3.27058e-07
3.43941e-07
3.45215e-07
3.44578e-07
3.51904e-07
3.74521e-07
3.76751e-07
3.78662e-07
4.08923e-07
4.07331e-07
4.06375e-07
4.07012e-07
4.07649e-07
4.18161e-07
4.35681e-07
4.72313e-07
4.74542e-07
4.74543e-07
4.78684e-07
4.84736e-07
4.88559e-07
5.03211e-07
5.26784e-07
5.36659e-07
5.42392e-07
5.73928e-07
5.75521e-07
5.98137e-07
6.02915e-07
6.4114e-07
6.42733e-07
6.36044e-07
6.32858e-07
6.34451e-07
6.29673e-07
7.0899e-07
7.0899e-07
7.19183e-07
7.2651e-07
7.29058e-07
7.40525e-07
7.46896e-07
7.53586e-07
7.62505e-07
7.68239e-07
8.47555e-07
8.47555e-07
8.46919e-07
8.54882e-07
8.54563e-07
8.62845e-07
8.62527e-07
8.62527e-07
8.67305e-07
8.69853e-07
9.33562e-07
9.27191e-07
9.39296e-07
9.51081e-07
9.59364e-07
9.62549e-07
9.66053e-07
9.74972e-07
1.04696e-06
1.0511e-06
1.05875e-06
1.06799e-06
1.07754e-06
1.07372e-06
1.0734e-06
1.07404e-06
1.13329e-06
1.13392e-06
1.1438e-06
1.14253e-06
1.13488e-06
1.14412e-06
1.197e-06
1.20146e-06
1.18967e-06
1.17247e-06
1.18648e-06
1.20114e-06
1.26962e-06
1.25911e-06
1.26548e-06
1.26421e-06
1.26867e-06
1.28523e-06
1.30275e-06
1.31263e-06
1.32919e-06
1.47954e-06
1.4977e-06
1.49802e-06
1.4977e-06
1.49579e-06
1.50025e-06
1.50949e-06
1.5098e-06
1.50343e-06
1.5149e-06
1.51618e-06
1.51586e-06
1.52127e-06
1.51936e-06
1.53306e-06
1.54293e-06
1.53815e-06
1.54198e-06
1.55408e-06
1.56427e-06
1.74266e-06
1.73979e-06
1.75444e-06
1.76336e-06
1.7691e-06
1.80955e-06
1.8156e-06
1.81815e-06
1.81401e-06
1.81592e-06
1.8293e-06
1.83217e-06
1.82484e-06
1.83026e-06
1.83408e-06
1.82835e-06
1.81783e-06
1.81337e-06
1.83535e-06
1.84268e-06
1.8379e-06
1.82771e-06
1.83567e-06
1.85542e-06
1.84937e-06
1.84905e-06
1.86434e-06
1.93251e-06
1.92646e-06
1.93474e-06
1.93378e-06
1.92741e-06
1.92168e-06
1.90034e-06
1.91881e-06
1.91786e-06
1.93251e-06
1.92996e-06
1.92518e-06
1.92614e-06
1.94939e-06
1.96118e-06
1.98379e-06
2.02075e-06
2.04846e-06
2.07267e-06
2.08477e-06
2.1058e-06
2.11185e-06
2.11599e-06
2.11057e-06
2.13064e-06
2.13415e-06
2.13542e-06
2.13924e-06
2.15007e-06
2.16059e-06
2.17142e-06
2.17683e-06
2.19945e-06
2.19403e-06
2.29342e-06
2.29597e-06
2.29724e-06
2.30648e-06
2.3154e-06
2.30871e-06
2.30297e-06
2.29947e-06
2.30457e-06
2.30329e-06
2.31476e-06
2.31572e-06
2.31731e-06
2.32591e-06
2.3189e-06
2.32973e-06
2.33387e-06
2.33546e-06
2.3412e-06
2.35362e-06
2.35872e-06
2.35967e-06
2.36764e-06
2.45301e-06
2.45651e-06
2.45492e-06
2.45619e-06
2.47148e-06
2.46957e-06
2.46766e-06
2.47945e-06
2.48072e-06
2.47945e-06
2.47753e-06
2.46989e-06
2.46702e-06
2.47116e-06
2.46352e-06
2.45556e-06
2.45556e-06
2.45492e-06
2.45333e-06
2.4753e-06
2.4753e-06
2.48741e-06
2.48168e-06
2.48104e-06
2.48263e-06
2.49028e-06
2.50334e-06
2.51512e-06
2.51417e-06
2.53487e-06
2.55271e-06
2.56545e-06
2.57405e-06
2.59699e-06
2.60623e-06
2.61355e-06
2.61992e-06
2.64381e-06
2.64795e-06
2.65273e-06
2.65369e-06
2.65464e-06
2.65719e-06
2.71134e-06
2.56036e-06
2.57405e-06
2.54252e-06
2.53551e-06
2.54538e-06
2.5559e-06
2.56099e-06
2.55717e-06
2.5645e-06
2.55653e-06
2.56195e-06
2.56927e-06
2.56991e-06
2.56545e-06
2.57979e-06
2.57947e-06
2.57628e-06
2.58202e-06
2.58011e-06
2.58425e-06
2.58711e-06
2.59062e-06
2.59317e-06
2.5938e-06
2.5989e-06
2.604e-06
2.61132e-06
2.63808e-06
2.65878e-06
2.67949e-06
2.67694e-06
2.69382e-06
2.70211e-06
2.70274e-06
2.78238e-06
2.77537e-06
2.7776e-06
2.77633e-06
2.77888e-06
2.77537e-06
2.77027e-06
2.7776e-06
2.77187e-06
2.77792e-06
2.78779e-06
2.78333e-06
2.79098e-06
2.79321e-06
2.79639e-06
2.79066e-06
2.79194e-06
2.79034e-06
2.80054e-06
2.80181e-06
2.81646e-06
2.80277e-06
2.81837e-06
2.81551e-06
2.82283e-06
2.8222e-06
2.82602e-06
2.84736e-06
2.83685e-06
2.84481e-06
2.85341e-06
2.84481e-06
2.89482e-06
2.85087e-06
2.80627e-06
2.85978e-06
2.87826e-06
2.88017e-06
2.86839e-06
2.85724e-06
2.81774e-06
2.79257e-06
2.85851e-06
2.8601e-06
2.86361e-06
2.86361e-06
2.85596e-06
2.85373e-06
2.86361e-06
2.8601e-06
2.8703e-06
2.86679e-06
2.86711e-06
2.88304e-06
2.88368e-06
2.86584e-06
2.87316e-06
2.94388e-06
2.95153e-06
2.95821e-06
2.95885e-06
2.97223e-06
2.98465e-06
2.97892e-06
2.99294e-06
2.99039e-06
2.98975e-06
2.99644e-06
3.02352e-06
3.04741e-06
3.07257e-06
3.08053e-06
3.10315e-06
3.09869e-06
3.09965e-06
3.08149e-06
3.1006e-06
3.10379e-06
3.10092e-06
3.08882e-06
3.11557e-06
3.10092e-06
3.11239e-06
3.12163e-06
3.11908e-06
3.13946e-06
3.13023e-06
3.11207e-06
3.10156e-06
3.12672e-06
3.13755e-06
3.15444e-06
3.1264e-06
3.12863e-06
3.16495e-06
3.12067e-06
3.128e-06
3.13373e-06
3.12863e-06
3.12832e-06
3.13596e-06
3.14488e-06
3.14329e-06
3.14201e-06
3.13405e-06
3.13182e-06
3.13755e-06
3.14998e-06
3.13946e-06
3.13118e-06
3.14392e-06
3.13373e-06
3.12545e-06
3.13341e-06
3.1315e-06
3.12545e-06
3.11876e-06
3.1194e-06
3.1487e-06
3.13819e-06
3.08691e-06
3.1057e-06
3.09487e-06
3.13596e-06
3.13724e-06
3.13532e-06
3.14392e-06
3.14743e-06
3.14584e-06
3.14679e-06
3.14329e-06
3.18088e-06
3.18342e-06
3.18406e-06
3.18119e-06
3.16686e-06
3.1745e-06
3.17992e-06
3.18725e-06
3.171e-06
3.13501e-06
3.16686e-06
3.1659e-06
3.16654e-06
3.16527e-06
3.16622e-06
3.16686e-06
3.17769e-06
3.16845e-06
3.18374e-06
3.18693e-06
3.19425e-06
3.20572e-06
3.20827e-06
3.21464e-06
3.22133e-06
3.25382e-06
3.27039e-06
3.27771e-06
3.29332e-06
3.30511e-06
3.31371e-06
3.30765e-06
3.31817e-06
3.31498e-06
3.31689e-06
3.3153e-06
3.32963e-06
3.3204e-06
3.33951e-06
3.3462e-06
3.33282e-06
3.32836e-06
3.34747e-06
3.34206e-06
3.35575e-06
3.34206e-06
3.35225e-06
3.35384e-06
3.35767e-06
3.36053e-06
3.36436e-06
3.3583e-06
3.3548e-06
3.35384e-06
3.38283e-06
3.36244e-06
3.35448e-06
3.37933e-06
3.37009e-06
3.39748e-06
3.37773e-06
3.38506e-06
3.3583e-06
3.37678e-06
3.3943e-06
3.37965e-06
3.36818e-06
3.40035e-06
3.42106e-06
3.42329e-06
3.45323e-06
3.43443e-06
3.40704e-06
3.43666e-06
3.42711e-06
3.4682e-06
3.44049e-06
3.43698e-06
3.43157e-06
3.45195e-06
3.45291e-06
3.451e-06
3.44049e-06
3.45864e-06
3.45896e-06
3.44972e-06
3.451e-06
3.45132e-06
3.45418e-06
3.4459e-06
3.44017e-06
3.44558e-06
3.42743e-06
3.4287e-06
3.44399e-06
3.43348e-06
3.43284e-06
3.44112e-06
3.43029e-06
3.44781e-06
3.44877e-06
3.45227e-06
3.47393e-06
3.46724e-06
3.47266e-06
3.50611e-06
3.51471e-06
3.50929e-06
3.52554e-06
3.51503e-06
3.54497e-06
3.54784e-06
3.5128e-06
3.48922e-06
3.4803e-06
3.5112e-06
3.48922e-06
3.46278e-06
3.45355e-06
3.45514e-06
3.46215e-06
3.45068e-06
3.47839e-06
3.48476e-06
3.47744e-06
3.46533e-06
3.47776e-06
3.46884e-06
3.47362e-06
3.45578e-06
3.46979e-06
3.46597e-06
3.45004e-06
3.46438e-06
3.40959e-06
3.44144e-06
3.46916e-06
3.45737e-06
3.47616e-06
3.46501e-06
3.4733e-06
3.49942e-06
3.51152e-06
3.50133e-06
3.52522e-06
3.52554e-06
3.51789e-06
3.52617e-06
3.51566e-06
3.52713e-06
3.51821e-06
3.51057e-06
3.53605e-06
3.53605e-06
3.537e-06
3.55357e-06
3.57173e-06
3.58829e-06
3.58096e-06
3.59307e-06
3.59052e-06
3.60103e-06
3.60071e-06
3.60613e-06
3.60326e-06
3.60581e-06
3.60262e-06
3.61059e-06
3.61409e-06
3.63989e-06
3.61345e-06
3.63862e-06
3.61218e-06
3.6297e-06
3.59594e-06
3.59721e-06
3.6074e-06
3.60836e-06
3.59689e-06
3.60995e-06
3.59785e-06
3.6348e-06
3.66028e-06
3.58128e-06
3.58128e-06
3.59466e-06
3.59976e-06
3.5953e-06
3.59434e-06
3.59594e-06
3.58893e-06
3.57077e-06
3.5765e-06
3.56217e-06
3.50324e-06
3.55644e-06
3.55516e-06
3.56153e-06
3.55198e-06
3.57045e-06
3.6262e-06
3.6297e-06
3.65136e-06
3.65487e-06
3.66028e-06
3.67716e-06
3.68736e-06
3.69214e-06
3.66092e-06
3.63225e-06
3.63862e-06
3.64117e-06
3.63289e-06
3.64117e-06
3.63448e-06
3.6262e-06
3.65678e-06
3.66124e-06
3.64276e-06
3.65487e-06
3.6125e-06
3.59211e-06
3.57204e-06
3.63129e-06
3.64021e-06
3.64658e-06
3.65773e-06
3.64117e-06
3.66347e-06
3.64499e-06
3.65009e-06
3.65582e-06
3.66474e-06
3.6641e-06
3.65932e-06
3.65805e-06
3.64722e-06
3.64595e-06
3.64658e-06
3.64977e-06
3.65455e-06
3.68099e-06
3.69405e-06
3.66665e-06
3.67621e-06
3.68194e-06
3.68927e-06
3.69532e-06
3.69787e-06
3.68831e-06
3.67716e-06
3.67939e-06
3.68608e-06
3.69341e-06
3.69691e-06
3.70711e-06
3.70201e-06
3.70042e-06
3.71093e-06
3.71348e-06
3.71603e-06
3.72017e-06
3.71698e-06
3.71284e-06
3.71061e-06
3.71252e-06
3.68194e-06
3.69723e-06
3.70934e-06
3.69054e-06
3.7224e-06
3.72622e-06
3.70647e-06
3.71411e-06
3.71093e-06
3.71762e-06
3.7208e-06
3.70997e-06
3.70711e-06
3.71634e-06
3.68162e-06
3.63257e-06
3.68736e-06
3.68895e-06
3.69755e-06
3.69532e-06
3.71316e-06
3.73227e-06
3.73546e-06
3.74915e-06
3.75712e-06
3.75361e-06
3.76285e-06
3.77177e-06
3.74884e-06
3.7431e-06
3.74246e-06
3.76604e-06
3.78228e-06
3.78738e-06
3.78802e-06
3.78961e-06
3.78961e-06
3.78993e-06
3.78993e-06
3.80235e-06
3.8049e-06
3.79662e-06
3.79184e-06
3.79502e-06
3.79948e-06
3.80331e-06
3.80777e-06
3.79853e-06
3.81063e-06
3.79853e-06
3.80649e-06
3.80968e-06
3.81605e-06
3.80585e-06
3.80171e-06
3.80904e-06
3.81509e-06
3.81286e-06
3.81254e-06
3.81254e-06
3.81732e-06
3.81414e-06
3.80936e-06
3.82306e-06
3.82529e-06
3.82592e-06
3.82911e-06
3.80777e-06
3.78865e-06
3.7689e-06
3.74119e-06
3.73259e-06
3.72176e-06
3.72335e-06
3.74023e-06
3.7877e-06
3.7826e-06
3.80681e-06
3.82688e-06
3.83707e-06
3.83803e-06
3.84281e-06
3.817e-06
3.80617e-06
3.84217e-06
3.83771e-06
3.82401e-06
3.83452e-06
3.83389e-06
3.85682e-06
3.85873e-06
3.84472e-06
3.84121e-06
3.85714e-06
3.84695e-06
3.85778e-06
3.86255e-06
3.87179e-06
3.8753e-06
3.87721e-06
3.87657e-06
3.87084e-06
3.88517e-06
3.87657e-06
3.87339e-06
3.85969e-06
3.85937e-06
3.8581e-06
3.84758e-06
3.86351e-06
3.8667e-06
3.85969e-06
3.82815e-06
3.86383e-06
3.76986e-06
3.81127e-06
3.81891e-06
3.79693e-06
3.80617e-06
3.81732e-06
3.79821e-06
3.78929e-06
3.79152e-06
3.78451e-06
3.77719e-06
3.78515e-06
3.79534e-06
3.79056e-06
3.78961e-06
3.77942e-06
3.79216e-06
3.79439e-06
3.80203e-06
3.80299e-06
3.84058e-06
3.85332e-06
3.86287e-06
3.86956e-06
3.88676e-06
3.89696e-06
3.90078e-06
3.90779e-06
3.92117e-06
3.91798e-06
3.89887e-06
3.89568e-06
3.90237e-06
3.88581e-06
3.8874e-06
3.90492e-06
3.8702e-06
3.83293e-06
3.8049e-06
3.83038e-06
3.88708e-06
3.85873e-06
3.87816e-06
3.88453e-06
3.92308e-06
3.91129e-06
3.92722e-06
3.89919e-06
3.91002e-06
3.91989e-06
3.92308e-06
3.93646e-06
3.9234e-06
3.91002e-06
3.93486e-06
3.91448e-06
3.89664e-06
3.92053e-06
3.93518e-06
3.95652e-06
3.93964e-06
3.93072e-06
3.92945e-06
3.93741e-06
3.92563e-06
3.932e-06
3.93932e-06
3.91257e-06
3.88836e-06
3.88199e-06
3.8702e-06
3.86988e-06
3.90524e-06
3.88103e-06
3.8753e-06
3.87243e-06
3.86032e-06
3.8479e-06
3.84472e-06
3.84344e-06
3.84886e-06
3.84153e-06
3.8221e-06
3.88071e-06
3.89377e-06
3.89441e-06
3.91352e-06
3.9234e-06
3.91575e-06
3.92786e-06
3.93678e-06
3.93741e-06
3.94506e-06
3.94283e-06
3.95015e-06
3.94984e-06
3.9527e-06
3.95238e-06
3.94601e-06
3.95621e-06
3.94123e-06
3.95621e-06
3.95175e-06
3.9578e-06
3.97404e-06
3.97373e-06
3.9527e-06
3.94984e-06
3.96863e-06
3.93741e-06
3.9183e-06
3.88995e-06
3.85587e-06
3.91543e-06
3.92563e-06
3.87275e-06
3.87753e-06
3.85395e-06
3.85077e-06
3.85746e-06
3.85332e-06
3.83643e-06
3.84981e-06
3.87434e-06
3.91671e-06
3.94028e-06
3.94888e-06
3.9699e-06
3.97373e-06
3.98519e-06
3.97755e-06
3.98265e-06
3.96481e-06
3.95111e-06
3.96767e-06
3.97054e-06
3.96927e-06
3.86956e-06
3.90492e-06
3.90237e-06
3.93168e-06
3.91257e-06
3.9218e-06
3.91766e-06
3.90524e-06
3.87147e-06
3.81254e-06
3.86192e-06
3.86192e-06
3.92849e-06
3.93932e-06
3.95716e-06
3.95429e-06
3.94506e-06
3.95748e-06
3.98902e-06
3.95939e-06
3.94474e-06
3.94219e-06
3.8874e-06
3.91129e-06
3.90906e-06
3.91543e-06
3.90492e-06
3.90588e-06
3.90237e-06
3.89409e-06
3.8823e-06
3.90237e-06
3.89345e-06
3.88103e-06
3.88868e-06
3.88007e-06
3.87689e-06
3.84822e-06
3.8616e-06
3.85427e-06
3.84599e-06
3.85778e-06
3.86224e-06
3.85618e-06
3.8565e-06
3.8667e-06
3.85778e-06
3.86893e-06
3.86128e-06
3.85332e-06
3.86733e-06
3.896e-06
3.89377e-06
3.9046e-06
3.9355e-06
3.9441e-06
3.94378e-06
3.9527e-06
3.95302e-06
3.95812e-06
3.95907e-06
3.96481e-06
3.96672e-06
3.95875e-06
3.96449e-06
3.96258e-06
3.95079e-06
3.95207e-06
3.93773e-06
3.95684e-06
3.95716e-06
3.95079e-06
3.94346e-06
3.97787e-06
3.96417e-06
3.95398e-06
3.95079e-06
3.94092e-06
3.95175e-06
3.94824e-06
3.91193e-06
3.93901e-06
3.89728e-06
3.89664e-06
3.89951e-06
3.90715e-06
3.8753e-06
3.87593e-06
3.87243e-06
3.86797e-06
3.8358e-06
