2.08242e-07
2.09834e-07
2.09835e-07
2.09198e-07
2.08242e-07
2.1079e-07
2.10153e-07
2.11109e-07
2.09834e-07
2.10472e-07
2.20665e-07
2.1079e-07
2.15568e-07
2.17161e-07
2.15887e-07
2.16524e-07
2.15887e-07
2.17161e-07
2.18754e-07
2.2162e-07
2.18754e-07
2.19709e-07
2.20028e-07
2.23532e-07
2.20665e-07
2.22258e-07
2.20983e-07
2.22258e-07
2.23213e-07
2.21302e-07
2.24487e-07
2.25124e-07
2.23213e-07
2.23532e-07
2.24806e-07
2.27354e-07
2.2831e-07
2.24806e-07
2.29266e-07
2.29266e-07
2.29902e-07
2.27354e-07
2.3054e-07
2.3054e-07
2.31177e-07
2.33725e-07
2.33407e-07
2.35318e-07
2.33725e-07
2.33088e-07
2.34043e-07
2.3914e-07
2.34044e-07
2.31495e-07
2.32451e-07
2.34681e-07
2.34681e-07
2.35955e-07
2.36911e-07
2.37548e-07
2.3914e-07
2.4137e-07
2.4137e-07
2.41688e-07
2.43281e-07
2.43919e-07
2.45511e-07
2.44874e-07
2.43919e-07
2.46467e-07
2.46149e-07
2.47104e-07
2.47422e-07
2.53156e-07
2.55386e-07
2.59208e-07
2.50608e-07
2.50608e-07
2.51564e-07
2.53793e-07
2.56023e-07
2.5443e-07
2.54112e-07
2.53793e-07
2.56342e-07
2.56023e-07
2.56023e-07
2.58253e-07
2.60483e-07
2.60801e-07
2.61119e-07
2.63986e-07
2.64624e-07
2.67809e-07
2.6972e-07
2.69402e-07
2.72587e-07
2.7195e-07
2.72587e-07
2.73224e-07
2.72269e-07
2.77684e-07
2.77684e-07
2.77047e-07
2.79914e-07
2.80232e-07
2.81825e-07
2.82143e-07
2.8724e-07
2.85966e-07
2.90426e-07
2.88514e-07
2.90107e-07
2.91381e-07
2.92655e-07
2.93611e-07
2.93611e-07
2.95204e-07
2.95841e-07
2.96159e-07
2.99026e-07
2.99345e-07
2.98708e-07
3.14316e-07
3.14316e-07
3.11131e-07
3.11449e-07
3.19732e-07
3.21324e-07
3.1782e-07
3.17183e-07
3.22917e-07
3.26103e-07
3.25147e-07
3.27376e-07
3.30243e-07
3.27376e-07
3.33429e-07
3.34703e-07
3.35658e-07
3.37888e-07
3.37251e-07
3.40118e-07
3.43304e-07
3.45852e-07
3.47444e-07
3.45533e-07
3.50312e-07
3.51904e-07
3.54134e-07
3.56045e-07
3.57638e-07
3.60186e-07
3.63053e-07
3.63053e-07
3.68468e-07
3.70061e-07
3.71335e-07
3.73565e-07
3.77069e-07
3.76113e-07
3.82803e-07
3.83121e-07
3.85669e-07
3.88537e-07
3.88218e-07
3.91722e-07
3.98093e-07
3.98093e-07
4.01915e-07
4.03826e-07
4.05738e-07
4.0956e-07
4.11471e-07
4.15931e-07
4.22939e-07
4.1402e-07
4.21346e-07
4.26443e-07
4.11471e-07
4.30902e-07
4.33132e-07
4.36636e-07
4.41096e-07
4.42689e-07
4.47467e-07
4.49378e-07
4.48741e-07
4.49378e-07
4.55112e-07
4.58616e-07
4.62438e-07
4.65623e-07
4.70402e-07
4.76773e-07
4.79002e-07
4.8378e-07
4.87922e-07
4.93655e-07
4.9493e-07
5.00982e-07
5.06397e-07
5.06716e-07
5.11493e-07
5.16909e-07
5.2105e-07
5.23599e-07
5.29651e-07
5.3188e-07
5.37614e-07
5.42711e-07
5.53222e-07
5.44941e-07
5.51948e-07
5.58957e-07
5.68194e-07
5.67557e-07
5.46852e-07
5.50674e-07
5.57364e-07
5.65964e-07
5.84121e-07
5.83484e-07
5.87625e-07
5.91448e-07
5.95589e-07
6.01004e-07
6.02597e-07
6.06101e-07
6.12472e-07
6.17249e-07
6.19798e-07
6.27761e-07
6.3254e-07
6.35407e-07
6.42733e-07
6.46874e-07
6.51334e-07
6.55793e-07
6.66623e-07
6.68854e-07
6.73631e-07
6.80002e-07
6.85736e-07
6.92107e-07
6.97522e-07
7.00707e-07
7.09945e-07
7.12812e-07
7.21413e-07
7.24598e-07
7.31288e-07
7.36703e-07
7.42118e-07
7.48808e-07
7.54541e-07
7.58045e-07
7.64735e-07
7.6792e-07
7.7429e-07
8.11879e-07
8.0296e-07
8.18887e-07
8.29398e-07
8.36088e-07
8.4214e-07
8.49148e-07
8.54244e-07
8.60297e-07
8.67942e-07
8.73994e-07
8.81958e-07
8.89603e-07
8.96292e-07
9.02026e-07
9.15086e-07
9.16361e-07
9.2751e-07
9.31969e-07
9.43437e-07
9.47896e-07
9.55541e-07
9.66372e-07
9.74335e-07
9.78158e-07
9.88988e-07
9.96952e-07
1.00237e-06
1.00937e-06
1.01957e-06
1.02339e-06
1.03199e-06
1.04027e-06
1.04983e-06
1.05716e-06
1.06385e-06
1.07404e-06
1.08551e-06
1.0922e-06
1.10048e-06
1.11322e-06
1.11577e-06
1.10621e-06
1.12883e-06
1.13424e-06
1.13647e-06
1.14826e-06
1.15973e-06
1.16419e-06
1.1747e-06
1.18107e-06
1.18871e-06
1.19795e-06
1.21069e-06
1.22057e-06
1.22789e-06
1.23427e-06
1.24478e-06
1.25179e-06
1.26293e-06
1.2744e-06
1.27791e-06
1.29097e-06
1.3018e-06
1.31103e-06
1.31804e-06
1.33046e-06
1.33492e-06
1.34607e-06
1.36041e-06
1.36933e-06
1.37793e-06
1.38621e-06
1.37028e-06
1.398e-06
1.41456e-06
1.42284e-06
1.42698e-06
1.4324e-06
1.4445e-06
1.46266e-06
1.46808e-06
1.47668e-06
1.48464e-06
1.49738e-06
1.50853e-06
1.51809e-06
1.52796e-06
1.53656e-06
1.54835e-06
1.55504e-06
1.56587e-06
1.57447e-06
1.58625e-06
1.5939e-06
1.599e-06
1.61301e-06
1.62384e-06
1.63786e-06
1.6455e-06
1.65506e-06
1.66557e-06
1.67736e-06
1.68914e-06
1.69392e-06
1.7073e-06
1.7194e-06
1.72291e-06
1.73661e-06
1.74648e-06
1.75572e-06
1.76368e-06
1.77419e-06
1.80286e-06
1.79458e-06
1.807e-06
1.83663e-06
1.84427e-06
1.85319e-06
1.86434e-06
1.87039e-06
1.88728e-06
1.89843e-06
1.90575e-06
1.92232e-06
1.93665e-06
1.9443e-06
1.9529e-06
1.96596e-06
1.97965e-06
1.98539e-06
1.99622e-06
1.9443e-06
2.00227e-06
2.00832e-06
2.00482e-06
2.01469e-06
2.02903e-06
2.04018e-06
2.05133e-06
2.06152e-06
2.07267e-06
2.087e-06
2.09369e-06
2.1042e-06
2.11981e-06
2.13096e-06
2.13892e-06
2.11026e-06
2.14975e-06
2.15836e-06
2.17205e-06
2.19021e-06
2.17938e-06
2.18862e-06
2.209e-06
2.21729e-06
2.23003e-06
2.24118e-06
2.2501e-06
2.26316e-06
2.28864e-06
2.28418e-06
2.28959e-06
2.29756e-06
2.31476e-06
2.32209e-06
2.33069e-06
2.33961e-06
2.34852e-06
2.35681e-06
2.3705e-06
2.38325e-06
2.41351e-06
2.41351e-06
2.43485e-06
2.44441e-06
2.44695e-06
2.45492e-06
2.46957e-06
2.47658e-06
2.48964e-06
2.50493e-06
2.5164e-06
2.53041e-06
2.54252e-06
2.55367e-06
2.55175e-06
2.56609e-06
2.58393e-06
2.58011e-06
2.58934e-06
2.58871e-06
2.60177e-06
2.61419e-06
2.60463e-06
2.60877e-06
2.62948e-06
2.62629e-06
2.63967e-06
2.64732e-06
2.65401e-06
2.66579e-06
2.67471e-06
2.68236e-06
2.6951e-06
2.70465e-06
2.71294e-06
2.72377e-06
2.73109e-06
2.74224e-06
2.75148e-06
2.75626e-06
2.76709e-06
2.77537e-06
2.78397e-06
2.79225e-06
2.80723e-06
2.80213e-06
2.76964e-06
2.80691e-06
2.81009e-06
2.81742e-06
2.83271e-06
2.84131e-06
2.85596e-06
2.84991e-06
2.87444e-06
2.88336e-06
2.87953e-06
2.89132e-06
2.90183e-06
2.9133e-06
2.91808e-06
2.92763e-06
2.93305e-06
2.94069e-06
2.94675e-06
2.95726e-06
2.96299e-06
2.97064e-06
2.97701e-06
2.97956e-06
2.98561e-06
2.9958e-06
2.99389e-06
3.01141e-06
3.02447e-06
3.03339e-06
3.06078e-06
3.07544e-06
3.08499e-06
3.08882e-06
3.10888e-06
3.11685e-06
3.12736e-06
3.13724e-06
3.15093e-06
3.14552e-06
3.15507e-06
3.16017e-06
3.16941e-06
3.17833e-06
3.17737e-06
3.18565e-06
3.20062e-06
3.207e-06
3.21719e-06
3.2226e-06
3.21846e-06
3.22738e-06
3.2363e-06
3.23662e-06
3.23981e-06
3.24777e-06
3.25287e-06
3.26784e-06
3.26019e-06
3.27007e-06
3.27325e-06
3.2758e-06
3.27612e-06
3.28217e-06
3.29587e-06
3.29969e-06
3.3032e-06
3.31657e-06
3.32199e-06
3.32772e-06
3.34142e-06
3.34811e-06
3.37327e-06
3.3685e-06
3.37487e-06
3.36627e-06
3.37519e-06
3.29364e-06
3.3599e-06
3.37742e-06
3.37933e-06
3.36818e-06
3.37487e-06
3.40959e-06
3.34142e-06
3.3634e-06
3.3634e-06
3.36436e-06
3.36181e-06
3.36308e-06
3.37487e-06
3.37964e-06
3.37327e-06
3.38761e-06
3.39175e-06
3.38633e-06
3.40067e-06
3.41468e-06
3.41245e-06
3.41277e-06
3.40385e-06
3.41086e-06
3.41341e-06
3.41309e-06
3.39939e-06
3.41755e-06
3.42074e-06
3.42966e-06
3.43348e-06
3.43921e-06
3.44431e-06
3.44144e-06
3.45164e-06
3.45387e-06
3.45514e-06
3.46087e-06
3.4647e-06
3.47075e-06
3.47234e-06
3.48094e-06
3.48572e-06
3.4803e-06
3.4905e-06
3.49719e-06
3.50451e-06
3.50005e-06
3.5112e-06
3.51534e-06
3.52076e-06
3.5249e-06
3.53e-06
3.52936e-06
3.53446e-06
3.54624e-06
3.53955e-06
3.54847e-06
3.55229e-06
3.55357e-06
3.56249e-06
3.56344e-06
3.57013e-06
3.57587e-06
3.57587e-06
3.58415e-06
3.58192e-06
3.58319e-06
3.55707e-06
3.56567e-06
3.56822e-06
3.57873e-06
3.59084e-06
3.59243e-06
3.59116e-06
3.60613e-06
3.61282e-06
3.6348e-06
3.64117e-06
3.65455e-06
3.66187e-06
3.67716e-06
3.6657e-06
3.66538e-06
3.66984e-06
3.66793e-06
3.68704e-06
3.69691e-06
3.69596e-06
3.69373e-06
3.71921e-06
3.67621e-06
3.68799e-06
3.67079e-06
3.66155e-06
3.67175e-06
3.66538e-06
3.65741e-06
3.64244e-06
3.65455e-06
3.66155e-06
3.64913e-06
3.62588e-06
3.70201e-06
3.74756e-06
3.73928e-06
3.73386e-06
3.73068e-06
3.74852e-06
3.74979e-06
3.71316e-06
3.71921e-06
3.70742e-06
3.73323e-06
3.74374e-06
3.73546e-06
3.75138e-06
3.75775e-06
3.76381e-06
3.76349e-06
3.77304e-06
3.77368e-06
3.76699e-06
3.76636e-06
3.77527e-06
3.77846e-06
3.75457e-06
3.74724e-06
3.77145e-06
3.77655e-06
3.77432e-06
3.78579e-06
3.80617e-06
3.80012e-06
3.80617e-06
3.7998e-06
3.80012e-06
3.80362e-06
3.81031e-06
3.7998e-06
3.81541e-06
3.81764e-06
3.81637e-06
3.83261e-06
3.82911e-06
3.82656e-06
3.83293e-06
3.83038e-06
3.83197e-06
3.83452e-06
3.84344e-06
3.83835e-06
3.84185e-06
3.84026e-06
3.85141e-06
3.84822e-06
3.8342e-06
3.81191e-06
3.93391e-06
3.91543e-06
3.91734e-06
3.95525e-06
3.93964e-06
3.94665e-06
3.92881e-06
3.93136e-06
3.94251e-06
3.94092e-06
3.932e-06
3.9269e-06
3.94155e-06
3.94665e-06
3.94346e-06
3.93646e-06
3.932e-06
3.93582e-06
3.95398e-06
3.95366e-06
3.96321e-06
3.96608e-06
3.95939e-06
3.96417e-06
3.96513e-06
3.97022e-06
3.97755e-06
3.97787e-06
3.96767e-06
3.96417e-06
3.95716e-06
3.9543e-06
3.94442e-06
3.97691e-06
3.9492e-06
3.9715e-06
3.96576e-06
3.95557e-06
3.93614e-06
3.94346e-06
3.96353e-06
3.97978e-06
3.9887e-06
3.97118e-06
3.9871e-06
3.98328e-06
3.9887e-06
4.0008e-06
4.0094e-06
4.00016e-06
3.99411e-06
3.95143e-06
3.9527e-06
3.98073e-06
3.95652e-06
3.95238e-06
3.95398e-06
3.96258e-06
3.96098e-06
3.95302e-06
3.95812e-06
3.95334e-06
3.9578e-06
3.96035e-06
3.96417e-06
3.97054e-06
3.89664e-06
3.97914e-06
3.93391e-06
4.03234e-06
3.97787e-06
4.00176e-06
4.04062e-06
3.98233e-06
3.95334e-06
3.9355e-06
3.94888e-06
3.97181e-06
3.98487e-06
3.97213e-06
3.9699e-06
3.94601e-06
3.98296e-06
3.93964e-06
3.96863e-06
3.93327e-06
3.95207e-06
3.94474e-06
3.9355e-06
3.95493e-06
4.01354e-06
3.99507e-06
3.95812e-06
3.95844e-06
3.96162e-06
3.95493e-06
3.96226e-06
3.96226e-06
3.95939e-06
3.96067e-06
3.95844e-06
3.95875e-06
3.96449e-06
3.96927e-06
3.9234e-06
3.92977e-06
3.9715e-06
3.97532e-06
3.96385e-06
3.98519e-06
3.97277e-06
3.98233e-06
3.96608e-06
3.97277e-06
3.97532e-06
3.98265e-06
3.98105e-06
3.97946e-06
3.98742e-06
3.9801e-06
3.975e-06
3.98392e-06
3.97691e-06
3.97245e-06
3.97245e-06
3.97245e-06
3.9664e-06
3.95079e-06
3.95652e-06
3.96544e-06
3.99156e-06
3.98233e-06
3.97564e-06
3.99539e-06
3.98806e-06
4.01259e-06
3.99475e-06
3.99634e-06
4.01705e-06
3.99475e-06
3.97723e-06
3.93741e-06
3.96672e-06
3.98965e-06
4.00462e-06
3.97118e-06
3.94665e-06
3.95525e-06
3.94888e-06
3.95079e-06
3.94729e-06
3.94856e-06
3.95589e-06
3.9527e-06
3.95143e-06
3.95207e-06
3.95589e-06
3.94697e-06
3.95238e-06
3.95238e-06
3.95175e-06
3.94952e-06
3.9492e-06
3.94569e-06
3.95366e-06
3.94761e-06
3.94251e-06
3.94378e-06
3.93964e-06
3.9441e-06
3.94187e-06
3.94315e-06
3.9441e-06
3.94378e-06
3.94187e-06
3.93741e-06
3.94092e-06
3.94665e-06
3.94697e-06
3.94824e-06
3.9441e-06
3.94219e-06
3.94569e-06
3.94155e-06
3.94984e-06
3.95047e-06
3.94378e-06
3.94697e-06
3.95047e-06
3.94315e-06
3.94474e-06
3.94092e-06
3.93996e-06
3.93391e-06
3.93009e-06
3.92817e-06
3.93391e-06
3.9304e-06
3.93168e-06
3.93009e-06
3.93104e-06
3.92658e-06
3.93263e-06
3.99602e-06
4.01514e-06
3.98933e-06
4.01386e-06
4.01131e-06
4.00749e-06
3.99284e-06
4.00239e-06
4.00717e-06
3.98073e-06
3.98201e-06
3.9715e-06
3.97436e-06
3.97086e-06
3.95907e-06
3.92244e-06
3.94888e-06
3.94792e-06
3.93678e-06
3.92977e-06
3.91926e-06
3.91607e-06
3.90556e-06
3.89027e-06
3.86638e-06
3.86224e-06
3.86255e-06
3.86829e-06
3.86606e-06
3.86956e-06
3.84726e-06
3.86924e-06
3.88517e-06
3.81573e-06
3.8307e-06
3.81573e-06
3.82911e-06
3.81127e-06
3.81254e-06
3.80267e-06
3.78515e-06
3.97819e-06
3.74501e-06
3.85841e-06
3.86797e-06
3.8342e-06
3.83739e-06
3.84599e-06
3.85523e-06
3.86351e-06
3.86638e-06
3.87848e-06
3.85714e-06
3.8581e-06
3.85459e-06
3.8444e-06
3.86128e-06
3.87116e-06
3.86447e-06
3.86701e-06
3.86701e-06
3.84599e-06
3.87785e-06
3.84726e-06
3.84281e-06
3.84312e-06
3.84376e-06
3.85109e-06
3.83962e-06
3.83229e-06
3.84026e-06
3.84376e-06
3.84822e-06
3.84217e-06
3.84344e-06
3.82178e-06
3.83006e-06
3.85459e-06
3.83771e-06
3.83484e-06
3.83643e-06
3.8737e-06
3.84726e-06
3.79279e-06
3.77336e-06
3.77942e-06
3.77113e-06
3.77081e-06
3.76285e-06
3.77081e-06
3.76094e-06
3.76221e-06
3.75107e-06
3.75202e-06
3.74915e-06
3.75425e-06
3.75584e-06
3.75425e-06
3.74087e-06
3.75903e-06
3.74852e-06
3.73737e-06
3.7294e-06
3.74374e-06
3.74884e-06
3.74342e-06
